Time Distance Speed Gaze Smile DSal CSal HDip Label
0.9 3557.17178199 41.9212087943 1.5 2.5 0 0 0 IA
1.1 3540.76887247 -69.6536765565 1.3 2.5 0 0 0 IA
1.3 3127.3 2067.5 1 2.5 0 0 0 APP
1.5 2713.75672071 2067.5 1 2.5 0 0 0 APP
1.7 2474.42915517 1197.0 1 2.5 0 0 0 APP
1.9 2307.71910792 313.239256239 1.5 2 0 0 0 APP
2.1 2307.7 0.0 2 2.5 0 0 0 APP
2.3 2307.7 0.0 2 2.5 0 0 0 APP
2.5 2307.7 0.0 2 2.5 0 0 0 APP
2.7 2292.77766468 74.5 2 2 0 0 0 APP
2.9 2292.8 0.0 2 2 0 0 0 APP
3.1 2292.8 -14.3806277848 1 2 0 0 0 APP
3.3 2292.8 0.0 0.8 2 0 0 0 APP
3.5 2292.8 0.0 0.8 2 0 0 0 APP
3.7 2310.43953948 -291.558221439 0.8 2 0 0 0 APP
3.9 2520.42887995 196.478286217 0.8 2 0 0 0 FA
4.1 2291.65 335.653301796 0.8 2 0 0 0 FA
4.3 2062.9 285.94 0.5 2 0 0 0 FA
4.5 1983.5 99.25 0.5 2.5 0 1 0 CS
4.7 1904.1 99.25 0.5 2.5 0 1 0 CS
4.9 1396.3819071 634.63 0.5 2.5 0 1 0 CS
5.1 1141.56616515 318.5 0.5 2.5 0 1 0 CS
5.3 1141.6 0.0 0.5 2.5 0 1 0 CS
