Time Distance Speed Gaze Smile DSal CSal HDip Label
2.035585 1788.21667347 -121.35 1.57239919435 0.5 0 0 0 IA
2.214524 1765.55245422 -76.95 1.5 0.5 0 0 0 IA
2.416099 1704.81601809 13.92 1 0.5 0 0 0 FA
2.594529 1647.43352968 42.3 1 1.5 1 0 0 DS
2.794389 1624.99655134 48.75 1 1.5 1 0 0 DS
2.998453 1552.81407982 256.7 0.6 1.5 1 0 0 DS
3.218518 1477.35117287 336.73 0.6 1.5 1 0 0 DS
3.391708 1395.83757285 327.82 0.6 1.5 1 0 0 DS
3.6025 1354.55617861 165.05 0.6 1.5 0 0 0 FA
3.802463 1112.50822181 500.0 0.6 1.5 0 0 0 FA
3.992529 990.083877612 -3.05 0.6 1.5 0 1 0 CS
4.216782 906.15660871 -142.63 0.6 1.5 0 1 0 CS
4.369148 868.915145295 225.7 0.6 1.5 0 1 0 CS
4.569237 864.537605907 7.38 0.6 1.5 0 1 0 CS
4.795088 866.621269754 15.74 0.6 1.5 0 1 0 CS
