Time Distance Speed Gaze Smile DSal CSal HDip Label
34.021505 1829.25203167 100.0 1.65379628584 1.5 0 0 0 IA
34.205384 1737.1186614 476.56 1 2 1 0 0 DS
34.409399 1708.74291466 113.06 1 2 1 0 0 DS
34.620913 1589.75684094 250.5 0.8 2.5 0 0 0 FA
34.821452 1309.75618496 500.0 0.5 2.5 0 0 0 FA
35.016849 1280.50616756 56.7 0.5 2.5 0 0 0 FA
35.193476 1255.64259609 62.5 0.5 2.5 0 0 0 FA
35.423099 1255.45770019 26.8 0.5 2.5 0 1 0 CS
35.61531 1270.98629777 -102.85 0.5 2.5 0 1 0 CS
35.813408 1279.15695144 -86.18 0.5 2.5 0 1 0 CS
36.021738 1284.2704119 -60.15 0.5 2.5 0 1 0 CS
36.218291 1286.44741787 -35.33 0.5 2.5 0 1 0 CS
36.419475 1273.64711323 36.4 0.5 2.5 0 1 0 CS
