Time Distance Speed Gaze Smile DSal CSal HDip Label
3.609408 1710.0 92.9 1.70185324231 1 0 0 0 IA
3.822765 1699.9 66.13 0.8 1.5 1 0 0 DS
3.977381 1697.0 52.63 0.839206327184 2 1 0 0 DS
4.193487 1664.6 61.4 0.742053960127 2 1 0 0 DS
4.426553 1647.8 2.15 0.74 2 1 0 0 DS
4.623837 1641.3 -1.55 0.74 2 1 0 0 DS
4.821991 1517.2 59.8 0.6637359227 2 0 0 0 FA
5.02027 1320.92271143 44.7 0.6 2 0 1 0 CS
5.224922 1316.26536227 53.6 0.6 2 0 1 0 CS
5.391743 1302.12780784 102.87 0.6 2 0 1 0 CS
5.626524 1298.61505193 45.9 0.5 2 0 1 0 CS
5.776686 1296.18049444 31.57 0.5 1.5 0 1 0 CS
