Time Distance Speed Gaze Smile DSal CSal HDip Label
34.125471 1782.26253416 -48.05 1.5 1.5 0 0 0 IA
34.325393 1725.98963426 58.46 1.64111401371 2 0 0 0 IA
34.510981 1653.66168476 207.4 1 2 1 0 0 DS
34.697519 1652.32238151 223.55 0.9 2 1 0 0 DS
34.925395 1492.38580257 153.52 0.6 2 0 0 0 FA
35.093486 1268.79645775 550 0.8 2 0 0 0 FA
35.312744 1253.65609301 75.1 0.6 2 0 1 0 CS
35.525417 1268.17336544 -15.1 0.6 2 0 1 0 CS
35.693508 1271.06820837 59.63 0.6 2 0 1 0 CS
35.893415 1285.4965074 25.54 0.6 2 0 1 0 CS
36.097421 1287.79491612 40.5 0.6 2 0 1 0 CS
36.297397 1263.24692838 63.2 0.5 2 0 1 0 CS
