Time Distance Speed Gaze Smile DSal CSal HDip Label
1.40 1533.26698624 0.0 1.5 1 0 0 0 IA
1.60 1533.26698624 89.89535789581 1.5 1 0 0 0 IA
1.815482 1458.72658254 125.76 0.7 1 0 0 0 FA
2.007518 1290.98886462 340.88 0.7 1 0 0 0 FA
2.232451 1101.58383868 470.83 0.621805776757 1 0 0 0 FA
2.434888 959.952094211 341.73 0.353016433438 1 0 0 0 FA
2.619463 875.514357392 80.99 0.4 1.5 0 1 0 CS
2.80758 776.031895237 32.55 0.4 1.5 0 1 0 CS
2.972761 709.443657155 146.08 0.4 1.5 0 1 0 CS
3.194548 702.197665349 -59.91 0.3 1.5 0 1 0 CS
3.405639 761.734843867 -352.2 0.7621410131 1.5 0 1 0 CS
3.60752 780.726975738 -200.4 0.8 1.5 0 1 0 CS
