Time Distance Speed Gaze Smile DSal CSal HDip Label
1.40 1533.26698624 0.0 2 0.5 0 0 0 IA
1.583597 1533.26698624 89.8953578958 0.8 1 0 0 0 FA
1.815482 1458.72658254 199.32 0.8 1 1 0 0 DS
2.007518 1290.98886462 517.05 0.8 1.5 0 0 0 FA
2.232451 1101.58383868 358.33 0.725619773201 1.5 0 0 0 FA
2.434888 959.952094211 349.825 0.6 1.5 0 0 0 FA
2.619463 875.514357392 359.15 0.3 1.5 0 0 0 FA
2.80758 776.031895237 415.18 0.3 1.5 0 1 0 CS
2.972761 709.443657155 166.2 0.295705130357 1.5 0 1 0 CS
3.194548 702.197665349 112.3 0.358415102891 1.5 0 1 0 CS
3.405639 761.734843867 43.35 0.3 1.5 0 1 0 CS
3.60752 780.726975738 98.63 0.5 1.5 0 1 0 CS
