Time Distance Speed Gaze Smile DSal CSal HDip Label
28.298474 1703.48416979 63.6 1.30756248705 1.5 0 0 0 IA
28.503053 1642.62461177 117.35 1.38935336426 1.5 0 0 0 IA
28.701001 1590.45628007 447.45 1 2 0 0 0 FA
28.902631 1490.49729494 353.83 1 2 1 0 0 DS
29.082437 1470.05419036 206.08 0.8 1.5 1 0 0 DS
29.282439 1435.36792976 209.24 0.8 1.5 1 0 0 DS
29.493711 1428.50205929 239.26 0.8 1.5 1 0 0 DS
29.701813 1398.387583887 200.18 0.8 1.5 1 0 0 DS
29.91841 1146.67066389 200.18 0.7 1.5 0 0 0 FA
30.11849 897.179885439 200.18 0.7 1.5 0 0 0 FA
30.302032 758.941896811 -95.58 0.6 1.5 0 1 0 CS
30.501831 721.765129753 -33.44 0.6 1.5 0 1 0 CS
30.678424 715.402399338 -18.63 0.5 1.5 0 1 0 CS
30.903135 719.375252466 -6.75 0.5 1.5 0 1 0 CS
31.103647 721.929469263 1.7 0.5 1.5 0 1 0 CS
