Time Distance Speed Gaze Smile DSal CSal HDip Label
20.117461 1763.4 113.55 1.49461886844 2 0 0 0 IA
20.301465 1657.4 236.48 1.1 2 0 0 0 FA
20.489521 1664.6 -21.28 0.9 2.5 0 0 0 FA
20.689416 1673.0 -20.02 0.9 3 0 0 0 FA
20.913476 1642.8 192.32 0.8 3 0 0 0 FA
21.101432 1620.5 146.18 0.8 2.5 1 0 0 DS
21.288435 1600.7 88.08 0.8 2.5 1 0 0 DS
21.489469 1492.44702506 200.0 0.6 2.5 0 0 0 FA
21.713458 1393.14720017 200.0 0.6 2.5 0 0 0 FA
21.913516 1409.6949814 -96.88 0.6 2.5 0 1 0 CS
22.097436 1416.65198266 -59.78 0.6 2.5 0 1 0 CS
22.297414 1420.33336704 4.44 0.6 2.5 0 1 0 CS
22.517474 1404.47945432 47.58 0.6 2.5 0 1 0 CS
22.721571 1358.72422389 49.56 0.6 2.5 0 1 0 CS
22.883799 1341.31277977 17.62 0.6 3 0 1 0 CS
