Time Distance Speed Gaze Smile DSal CSal HDip Label
34.88747 2197.78343512 245.15 1.66693900651 1 0 0 0 IA
35.107571 2005.94554249 460.21 1.2 1 0 0 0 APP
35.293626 1754.60387881 537.98 0.6 1.5 0 0 0 FA
35.491436 1612.86614705 506.68 0.6 1.5 0 0 0 FA
35.715456 1411.84842792 401.75 0.6 1.5 0 0 0 FA
35.911531 1176.16755764 547.68 0.6 1.5 0 0 0 FA
36.100942 887.497555367 877.63 0.6 1.5 0 0 0 FA
36.301437 744.984698859 320.57 0.6 1.5 0 0 0 FA
36.483563 640.473510605 371.58 0.6 1.5 0 0 0 FA
36.711611 523.625588184 377.9 0.5 1.5 0 1 0 CS
36.899146 551.078323613 97.35 0.5 1.5 0 1 0 CS
37.100035 598.299479759 17.32 0.877494478844 1.5 0 1 0 CS
