Time Distance Speed Gaze Smile DSal CSal HDip Label
34.703546 2244.68119077 -76.8 1.73373810861 0.5 0 0 0 IA
34.88747 2197.78343512 10.55 1.74148785635 1 0 0 0 IA
35.107571 2005.94554249 455.58 1.4 1 0 0 0 APP
35.293626 1754.60387881 762.98 0.9 1.5 0 0 0 APP
35.491436 1612.86614705 209.78 0.7 1.5 0 0 0 FA
35.715456 1411.84842792 507.75 0.7 1.5 0 0 0 FA
35.911531 1176.16755764 677.4 0.6 1.5 0 0 0 FA
36.100942 887.497555367 665.84 0.6 1.5 0 0 0 FA
36.301437 744.984698859 379.08 0.4 1.5 0 0 0 FA
36.483563 640.473510605 183.93 0.4 1.5 0 1 0 CS
36.711611 523.625588184 125.7 0.4 1.5 0 1 0 CS
36.899146 551.078323613 -235.3 0.35 1.5 0 1 0 CS
37.100035 598.299479759 -246.06 0.35 1.5 0 1 0 CS
