Time Distance Speed Gaze Smile DSal CSal HDip Label
28.298474 1703.48416979 193.4 0.753273775839 1 0 0 0 IA
28.503053 1542.62461177 637.86 1.65465808263 1 0 0 0 FA
28.701001 1390.45628007 355.55 2.5 1 0 0 0 FA
28.902631 1290.49729494 126.88 2.5 1 0 0 0 FA
29.082437 1270.05419036 0.0 1.64743352568 1.5 0 0 0 FA
29.282439 1235.36792976 0.0 1 1.5 0 0 0 FA
29.493711 1128.50205929 237.88 0.7 1.5 1 0 0 DS
29.701813 998.387583887 514 0.7 1.5 0 0 0 FA
29.91841 946.67066389 237.86 0.7 1.5 0 0 0 FA
30.11849 897.179885439 268.12 1.30585138965 2 0 0 0 FA
30.302032 758.941896811 292.5 0.6 2 0 1 0 CS
30.501831 721.765129753 218.28 0.4 2 0 1 0 CS
30.678424 715.402399338 57.9 0.4 2 0 1 0 CS
30.903135 719.375252466 -7.98 0.6 2 0 1 0 CS
31.103647 721.929469263 -8.43 0.6 2 0 1 0 CS
