Time Distance Speed Gaze Smile DSal CSal HDip Label
2.035585 1488.21667347 150.35 2.5 0.5 0 0 0 IA
2.214524 1465.55245422 194.8 1.28880607485 0.5 0 0 0 FA
2.416099 1404.81601809 287.28 0.8 0.5 0 0 0 FA
2.594529 1347.43352968 252.46 0.7 0.5 0 0 0 FA
2.794389 1324.99655134 73.64 0.7 1 0 0 0 FA
2.998453 1252.81407982 84.48 0.7 1 0 0 0 FA
3.218518 1177.35117287 52.54 0.7 1 0 0 0 FA
3.391708 1095.83757285 84.34 0.7 1 0 0 0 FA
3.6025 1054.55617861 27.65 0.6 1 0 1 0 CS
3.802463 1012.50822181 50.96 0.6 1 0 1 0 CS
3.992529 990.083877612 114.18 0.6 1 0 1 0 CS
4.216782 1006.15660871 62.95 0.6 1.5 0 1 0 CS
4.369148 968.915145295 64.67 0.6 1.5 0 1 0 CS
4.569237 964.537605907 3.47 0.6 1.5 0 1 0 CS
4.795088 966.621269754 -28.96 0.5 1.5 0 1 0 CS
