Time Distance Speed Gaze Smile DSal CSal HDip Label
54.604407 2246.19140395 227.9 1.5 0.5 0 0 0 IA
54.804464 2146.33028922 197.1 2 0.5 0 0 0 APP
55.017737 2076.26731234 120.95 0.892964034713 0.5 0 0 0 APP
55.216397 2052.45851649 95.72 1.00322041714 1 0 0 0 APP
55.416451 2011.37849328 196.02 1.04423713832 1.5 0 0 0 APP
55.58842 1926.94338305 330.59 0.7 2 0 0 0 APP
55.788422 1810.27776697 263.62 0.6 2.5 0 0 0 APP
56.017156 1702.69244533 115.9 0.780351883301 2.5 1 0 0 DS
56.2188 1614.99095671 -200.0 0.579698726823 2.5 1 0 0 DS
56.38443 1611.75997533 0.0 0.759466021421 2.5 1 0 0 DS
56.61973 1506.30771441 200.0 0.661688459227 3 0 0 0 FA
56.817479 1492.78510467 166.69 0.514855059415 3 0 0 0 FA
57.000405 1358.22179489 479.75 0.553589226937 3 0 0 0 FA
57.188536 1119.15055966 630.03 0.513691672752 3 0 0 0 FA
57.417954 954.946953357 594.86 0.584206128227 2 0 1 0 CS
57.616859 687.656726521 413.63 1 2 0 1 0 CS
57.804437 492.170016661 565.23 1 2 0 1 0 CS
57.988446 370.988647783 995.81 1 2 0 1 0 CS
58.188446 299.091667864 64.79 1 2 0 1 0 CS
