Time Distance Speed Gaze Smile DSal CSal HDip Label
3.609408 1700.0 39.9 1.70560539368 2 0 0 0 IA
3.822765 1699.9 29.03 0.75 2 1 0 0 DS
3.977381 1697.0 35.13 0.75 2.5 1 0 0 DS
4.193487 1664.6 48.38 0.75 2.5 1 0 0 DS
4.426553 1647.8 38.48 0.75 2.5 1 0 0 DS
4.623837 1541.3 250.0 0.6 2.5 0 0 0 FA
4.821991 1317.18660118 500.0 0.6 2.5 0 0 0 FA
5.02027 1320.92271143 -65.5 0.6 2.5 0 1 0 CS
5.224922 1316.26536227 -27.5 0.6 2.5 0 1 0 CS
5.391743 1302.12780784 -21.33 0.6 2.5 0 1 0 CS
5.626524 1298.61505193 -26.58 0.6 2.5 0 1 0 CS
5.776686 1296.18049444 -16.47 0.6 2.5 0 1 0 CS
