Time Distance Speed Gaze Smile DSal CSal HDip Label
3.318617 1628.89151525 -17.76 1.79719737665 0.5 0 0 0 IA
3.51786 1633.6703778 80.2 1.2 0.5 0 0 0 FA
3.697845 1610.98692519 64.2 1 0.5 0 0 0 FA
3.918146 1599.18652149 -157.28 1 0.5 0 0 0 FA
4.119825 1587.13382098 25.0 1 0.5 1 0 0 DS
4.320051 1446.34856438 65.9 0.6 1 0 0 0 FA
4.496547 1248.58828126 246.95 0.8 1 0 0 0 FA
4.717754 1106.92772537 341.25 0.8 1 0 0 0 FA
4.919018 892.745035234 249.62 0.7 1 0 1 0 CS
5.115925 851.740766071 27.83 0.7 1 0 1 0 CS
5.293511 812.1013375 96.1 0.5 1 0 1 0 CS
5.520636 820.830373678 -31.94 0.5 1 0 1 0 CS
