Time Distance Speed Gaze Smile DSal CSal HDip Label
4.086967 2236.18103093 366.923854434 1.07657863918 0.5 0 0 0 IA
4.285213 2130.39730464 531.33 0.9 0.5 0 0 0 APP
4.508409 2009.60282924 540.36 0.9 0.5 0 0 0 APP
4.708423 1905.52321641 594.86 0.8 0.5 0 0 0 APP
4.898669 1820.31183311 384.8 0.7 0.5 0 0 0 FA
5.085568 1685.0881411 692.33 0.7 0.5 0 0 0 FA
5.308787 1526.83507258 551.28 0.7 1 0 0 0 FA
5.496385 1396.62061986 441.45 0.6 1.5 0 1 0 CS
5.684183 1285.06905937 256.5 0.787061897614 2 0 1 0 CS
5.882323 1106.07669791 474.46 0.8 2.5 0 1 0 CS
6.085697 998.233764372 276.78 0.7 2.5 0 1 0 CS
6.304405 1035.3101585 -170.26 0.8 2.5 0 1 0 CS
