Time Distance Speed Gaze Smile DSal CSal HDip Label
20.117461 1763.3 264.05 1.5 2 0 0 0 IA
20.301465 1657.4 345.48 1.49339053761 1.5 0 0 0 FA
20.489521 1664.6 33.85 1 2 0 0 0 FA
20.689416 1673.0 0.0 0.8 2 1 0 0 DS
20.913476 1642.8 75.0 0.8 2 1 0 0 DS
21.101432 1620.5 50.0 0.8 2 1 0 0 DS
21.288435 1500.7 240.0 0.7 1.5 0 0 0 FA
21.489469 1392.4702506 220.0 0.6 2 0 0 0 FA
21.713458 1393.14720017 34.52 0.6 2 0 1 0 CS
21.913516 1409.6949814 14.54 0.6 2.5 0 1 0 CS
22.097436 1416.65198266 19.28 0.6 2.5 0 1 0 CS
22.297414 1420.33336704 -22.86 0.6 2.5 0 1 0 CS
22.517474 1404.47945432 25.68 0.6 2.5 0 1 0 CS
22.721571 1358.72422389 177.64 0.5 2.5 0 1 0 CS
22.883799 1341.31277977 42.12 0.5 3 0 1 0 CS
