Time Distance Speed Gaze Smile DSal CSal HDip Label
54.804464 2146.33028922 301.54 2.5 1 0 0 0 IA
55.017737 2076.26731234 240.43 1.4 1.5 0 0 0 APP
55.216397 2052.45851649 23.98 0.9 2 0 0 0 APP
55.416451 2011.37849328 9.34 0.6 2 0 0 0 APP
55.58842 1926.94338305 99.13 0.6 2.5 0 0 0 APP
55.788414 1820.10164543 275.02 0.7 2.5 0 0 0 APP
56.017156 1702.69244533 456.8 0.8 2.5 1 0 0 DS
56.2188 1614.99095671 437.25 0.8 2.5 1 0 0 DS
56.38443 1611.75997533 230.37 0.690023182817 2.5 1 0 0 DS
56.61973 1606.30771441 -105.3 0.910810433689 2.5 1 0 0 DS
56.817479 1492.78510467 396.9 1.5 1.5 0 0 1 HD
57.000405 1358.22179489 292.25 1.2 2 0 0 1 HD
57.188536 1119.15055966 769.28 0.645682244083 3 0 0 0 FA
57.417954 954.946953357 127.34 0.5 3 0 0 0 FA
57.616859 687.656726521 633.08 0.463620900931 3 0 1 0 CS
57.804437 492.170016661 427.9 1 3 0 1 0 CS
57.988446 370.988647783 180.66 1 3 0 1 0 CS
58.188446 299.091667864 350.2 1 3 0 1 0 CS
